0.6490358816949945,
0.5871278225003105,
0.5582587941892837,
0.5321700670609348,
0.5083017254738431,
0.4829811875757418,
0.46102671283052155,
0.44192712726561645,
0.42394286673516035,
0.40922853477103144,
0.3971468562554372,
0.38871358120323796,
0.3794820611806292,
0.3732539187675636,
0.3667877637634152,
0.3622167923830842,
0.3566161411863409,
0.35361202992989044,
0.34918660144076535,
0.34629892374535926,
0.33978394555712216,
0.3358084441799867,
0.3345509895662728,
0.3297397995612731,
0.32657049650718506,
0.32240636199222583,
0.32204344858366407,
0.3165268859482909,
0.3127119687434874,
0.3109174440075692,
0.3075852472580185,
0.30565003014512754,
0.30231661881369193,
0.29612370563278856,
0.2941735650804874,
0.29373517765320445,
0.2890457662165557,
0.2863292445967856,
0.28409524154604265,
0.28073799944433725,
0.276286575109943,
0.27375698620453476,
0.27024985358217046,
0.26860668343540867,
0.2650430146408708,
0.2633393273002615,
