1.185491792857647,
0.5123182436717408,
0.41790860266025576,
0.4442790544458798,
0.3915724506867783,
0.378040170829211,
0.35559506009199787,
0.3697646896221808,
0.3399045516603759,
0.31065983125673874,
0.3454935027818595,
0.3073305894753763,
0.2649703402338283,
0.2952462971609618,
0.30859801093382494,
0.24335674875016725,
0.26203707904954043,
0.26841418937380823,
0.19833990279585123,
0.23459702876529523,
0.20658682423111582,
0.21943242571848845,
0.20668301535105066,
0.20171312116352574,
0.1999884506554476,
0.1764535858694996,
0.18658595844837172,
0.15514547863442982,
0.1765019586975021,
0.17529185708346112,
0.16572476770462735,
0.1776541675041829,
0.15001041112866784,
0.15132981458944933,
