0.6884631919410994,
0.6600007111171506,
0.6597232278787865,
0.6482943049016988,
0.6416790069274183,
0.6416528157468112,
0.6311589468200252,
0.625975029648475,
0.6217917586272618,
0.6192716101430497,
0.6096690533296117,
0.6087713657685045,
0.6023289898656449,
0.592066448252156,
0.5928051494202524,
0.5905671653882513,
0.5858134891626969,
0.5868738754740301,
0.57435649520946,
0.5705092869839579,
0.5751588001566114,
0.5607937439432684,
0.5642123812774442,
0.5638879233936094,
0.559226210387248,
0.5538359458716411,
0.5394652828855334,
0.5396470416266963,
0.5517177705494862,
0.5415337839216556,
