0.6530672980628851,
0.6172012031533336,
0.5980198633579807,
0.5821448453055084,
0.575470713031201,
0.5708951153827988,
0.5627896303438958,
0.563961542062177,
0.5600192892642422,
0.5488650896622025,
0.5439664521290146,
0.5420282112278101,
0.5411580134439105,
0.5315677817086227,
0.5347005417783752,
0.5313853271134937,
0.5306574392864722,
0.5212693532914606,
0.5246191625376694,
0.5189489355979074,
0.5170346687313254,
0.5186964826274464,
0.5119884086929205,
0.512083736539797,
0.5043406211237871,
0.5066641016315868,
0.5000128680058108,
0.4990045596625059,
0.49919177034429013,
0.4968916291498956,
0.4984555838217262,
0.4923885512442989,
0.4877029896237468,
0.4869828656429553,
0.4906335950807761,
0.4857140572471473,
0.4848382295543001,
